5
5
1 3 3 6 7
8 13 9 12 8
4 16 11 12 6
2 4 1 23 2
9 13 4 7 3
6
29 21 26 9 5 8
21 19 8 0 21 19
9 24 2 11 4 24
19 29 1 0 21 19
10 29 6 18 4 3
29 11 15 3 3 29
7
17 24 11 29 18 21 11
8 5 14 0 19 15 17
18 25 29 1 29 16 16
3 26 27 20 6 2 27
20 13 19 8 13 29 15
8 22 8 23 21 7 6
14 9 9 27 16 23 29
8
5 27 4 27 24 9 17 27
22 3 2 17 23 15 16 20
27 27 24 27 9 15 29 26
9 8 4 3 8 15 28 28
27 25 24 7 16 29 20 20
17 6 22 14 2 14 8 27
19 13 6 4 11 10 6 10
14 12 13 4 8 2 25 4
9
8 11 16 28 11 15 27 9 15
12 22 10 18 15 5 20 0 27
16 17 4 6 14 25 19 21 11
12 15 26 10 27 18 26 19 4
5 28 22 23 15 9 4 22 4
14 25 17 22 10 8 29 19 0
14 7 5 28 20 16 20 25 9
9 25 12 26 21 12 26 24 23
14 5 27 4 22 1 17 11 16